Start:  2023-11-24 14:09:56.984728 UTC
Middle:  2023-11-24 14:10:00.148134 UTC
GPUs found:
NVIDIA A10
End:  2023-11-24 14:10:03.887465 UTC
